
	C07 = 75.430733	C06 = 53.340012	C05 = 37.535427	C04 = 16.155495
	C17 = 75.430733	C16 = 55.217369	C15 = 31.807972	C14 = 16.155495
	C27 = 75.430733	C26 = 57.542187	C25 = 35.451466	C24 = 15.652476
	C37 = 75.430733	C36 = 59.674911	C35 = 37.743198	C34 = 15.652476
	C47 = 75.430725	C46 = 59.778252	C45 = 45.500122	C44 = 22.090721
	C57 = 75.430725	C56 = 59.778252	C55 = 39.979263	C54 = 22.090721
	C67 = 75.430733	C66 = 63.612236	C65 = 38.087208	C64 = 17.888544